1 0.329341 0.166667 0.313373 0.301397
1 0.685629 0.194611 0.299401 0.301397
1 0.148703 0.478044 0.259481 0.305389
1 0.500998 0.484032 0.321357 0.305389
1 0.833333 0.477046 0.283433 0.339321
1 0.161677 0.803393 0.285429 0.313373
1 0.501996 0.809381 0.295409 0.317365
1 0.832335 0.811377 0.285429 0.309381
1 0.327345 0.212575 0.041916 0.101796
1 0.689621 0.213573 0.047904 0.083832
1 0.833333 0.515968 0.059880 0.093812
1 0.500998 0.522954 0.041916 0.095808
1 0.149701 0.520958 0.065868 0.099800
1 0.150699 0.851297 0.051896 0.093812
1 0.501996 0.846307 0.051896 0.091816
1 0.826347 0.845309 0.053892 0.093812